81099
81114
81139
81140
81212
81221
81238
81239
81240
81241
81242
81243
81244
81251
81252
81253
81255
81258
81259
81260
81262
81267
81268
81270
81275
81278
81280
81281
81282
81283
81291
81295
81297
81304
81312
81313
81315
81316
81317
81321
81326
81327
81333
81334
81335
81337
81340
81344
81345
81346
81347
81348
81349
81350
81355
81357
81358
81364
81365
81366
81367
81370
81378
81379
81380
81381
81013
81101
81115
81124
81176
81246
81247
81248
81249
81250
81254
81256
81257
81261
81263
81264
81265
81269
81271
81273
81276
81277
81279
81287
81288
81289
81290
81292
81294
81296
81298
81300
81301
81318
81319
81322
81323
81329
81330
81332
81338
81341
81342
81351
81352
81360
81363
81368
81372
81373
81374
81382
81383
81384
81386
81387
81388
81390
81391
81060
61871
61812
61881
61887
61888
61889
61877
61880
61901
61948
61912
61919
61940
61952
61890
61953
61931
61954
61971
61922
61885
61936
61920
61950
61937
61886
61938
61923
61933
61894
61905
61800
61764
61804
61921
61949
855271
61932
61959
61872
61964
61879
61883
61893
61918
61927
61942
61968
855262
61917
61934
61916
61884
61895
61957
855273
61873
61892
61896
61907
61908
61929
61935
61941
61943
61947
61951
61955
61956
61963
61970
855272
81392
855264
61945
61898
61939
61810
45043
61799
61924
61785
61946
855249
61815
61911
61899
61859
61909
71473
